


			 MAXIMUM_LIKELIHOOD  MAXIMUM_LIKELIHOOD  MAXIMUM_LIKELIHOOD



Likelihood model:
	Eigenword with transition matrix.
	max = 6.97939
	min = 0.000525716
	mean= 0.0241332
	 sd = 1.64332
	Eigenword with transition matrix.
	max = 0.994198
	min = 1.37366e-06
	mean= 0.00126049
	 sd = 0.0342451
	Eigenword with transition matrix.
	max = 5.53061
	min = 0.000342713
	mean= -0.180937
	 sd = 0.995099


DONE.
