


			 MAXIMUM_LIKELIHOOD  MAXIMUM_LIKELIHOOD  MAXIMUM_LIKELIHOOD



Likelihood model:
	Eigenword with transition matrix.
	max = 13.187
	min = 0.000649325
	mean= 0.0237143
	 sd = 1.9633
	Eigenword with transition matrix.
	max = 2.53813
	min = 4.44601e-08
	mean= 0.00531847
	 sd = 0.104801
	Eigenword with transition matrix.
	max = 5.53061
	min = 0.000342713
	mean= -0.180937
	 sd = 0.995099


DONE.
