


			 MAXIMUM_LIKELIHOOD  MAXIMUM_LIKELIHOOD  MAXIMUM_LIKELIHOOD



Likelihood model:
	Eigenword with transition matrix.
	max = 11.4089
	min = 0.000480514
	mean= 0.0260623
	 sd = 1.81449
	Eigenword with transition matrix.
	max = 2.25727
	min = 2.66892e-07
	mean= 0.00396661
	 sd = 0.102913
	Eigenword with transition matrix.
	max = 5.53061
	min = 0.000342713
	mean= -0.180937
	 sd = 0.995099


DONE.
